[Problem name],[Solve duration],[(DD) Results generated],[(AR) Equations recorded],[(GGraph) Total nodes],[(Traceback) Solution length],[(Traceback) Solution depth],[Problem source],
[110-1],[89301],[226],[16],[178],[17],[7],[Chou-Angle-110],
[110-10],[71949],[262],[7],[163],[17],[8],[Chou-Angle-110],
[110-100],[643983],[1080],[16],[120],[31],[10],[Chou-Angle-110],
[110-101],[186397],[411],[14],[205],[15],[7],[Chou-Angle-110],
[110-102],[32861],[252],[10],[148],[10],[5],[Chou-Angle-110],
[110-103],[4263648],[3029],[37],[731],[60],[10],[Chou-Angle-110],
[110-104],[733656],[641],[27],[472],[66],[12],[Chou-Angle-110],
[110-107],[191626],[304],[11],[194],[25],[13],[Chou-Angle-110],
[110-108],[416074],[826],[17],[368],[35],[11],[Chou-Angle-110],
[110-109],[14549687],[5728],[58],[1795],[134],[14],[Chou-Angle-110],
[110-11],[292235],[892],[19],[184],[26],[8],[Chou-Angle-110],
[110-110],[14741718],[5819],[60],[1793],[114],[15],[Chou-Angle-110],
[110-12],[49587],[125],[11],[141],[15],[8],[Chou-Angle-110],
[110-13],[265527],[525],[20],[299],[29],[6],[Chou-Angle-110],
[110-14],[621068],[1016],[25],[328],[27],[7],[Chou-Angle-110],
[110-15],[4231811],[7086],[48],[1931],[51],[11],[Chou-Angle-110],
[110-16],[290357],[413],[19],[261],[12],[5],[Chou-Angle-110],
[110-17],[322839],[622],[20],[409],[25],[10],[Chou-Angle-110],
[110-18],[326250],[622],[20],[409],[27],[11],[Chou-Angle-110],
[110-19],[10979],[101],[4],[104],[11],[6],[Chou-Angle-110],
[110-2],[36735],[127],[17],[175],[14],[5],[Chou-Angle-110],
[110-20],[164026],[661],[17],[339],[27],[8],[Chou-Angle-110],
[110-21],[6855],[22],[6],[54],[14],[6],[Chou-Angle-110],
[110-22],[291718],[1002],[18],[301],[24],[7],[Chou-Angle-110],
[110-23],[204097],[825],[16],[320],[25],[8],[Chou-Angle-110],
[110-24],[121652],[238],[13],[180],[21],[9],[Chou-Angle-110],
[110-25],[4263985],[6498],[44],[857],[62],[9],[Chou-Angle-110],
[110-26],[130843],[123],[21],[243],[33],[6],[Chou-Angle-110],
[110-27],[1025143],[1742],[41],[373],[60],[7],[Chou-Angle-110],
[110-28],[623374],[1627],[29],[702],[26],[9],[Chou-Angle-110],
[110-29],[143966],[440],[13],[256],[30],[9],[Chou-Angle-110],
[110-3],[787974],[1443],[32],[569],[29],[8],[Chou-Angle-110],
[110-30],[69090],[143],[10],[150],[23],[8],[Chou-Angle-110],
[110-31],[37194],[122],[5],[58],[15],[7],[Chou-Angle-110],
[110-32],[13435],[58],[4],[102],[11],[6],[Chou-Angle-110],
[110-33],[90533],[333],[13],[283],[25],[8],[Chou-Angle-110],
[110-34],[12943],[56],[5],[75],[8],[6],[Chou-Angle-110],
[110-35],[401546],[1308],[24],[487],[29],[9],[Chou-Angle-110],
[110-36],[574225],[1227],[32],[574],[28],[7],[Chou-Angle-110],
[110-37],[54343],[331],[8],[134],[20],[8],[Chou-Angle-110],
[110-38],[37573],[125],[11],[162],[24],[6],[Chou-Angle-110],
[110-39],[43151],[249],[11],[165],[13],[6],[Chou-Angle-110],
[110-4],[52317],[143],[20],[180],[16],[5],[Chou-Angle-110],
[110-40],[4718],[23],[5],[49],[8],[4],[Chou-Angle-110],
[110-41],[1202390],[1542],[29],[465],[46],[10],[Chou-Angle-110],
[110-42],[1136651],[822],[25],[388],[49],[12],[Chou-Angle-110],
[110-43],[32214],[324],[14],[107],[10],[5],[Chou-Angle-110],
[110-44],[44042],[159],[7],[155],[15],[8],[Chou-Angle-110],
[110-45],[730238],[801],[30],[404],[30],[10],[Chou-Angle-110],
[110-46],[224597],[702],[20],[608],[28],[7],[Chou-Angle-110],
[110-47],[177036],[304],[11],[194],[27],[13],[Chou-Angle-110],
[110-48],[8855],[72],[7],[84],[16],[6],[Chou-Angle-110],
[110-49],[309026],[714],[25],[301],[39],[9],[Chou-Angle-110],
[110-5],[137477],[123],[21],[243],[11],[5],[Chou-Angle-110],
[110-50],[370078],[450],[28],[344],[51],[9],[Chou-Angle-110],
[110-51],[556331],[997],[17],[245],[32],[7],[Chou-Angle-110],
[110-52],[524232],[886],[20],[307],[43],[13],[Chou-Angle-110],
[110-53],[126226],[393],[12],[178],[23],[11],[Chou-Angle-110],
[110-54],[242380],[592],[23],[232],[25],[7],[Chou-Angle-110],
[110-55],[231610],[592],[23],[232],[25],[7],[Chou-Angle-110],
[110-56],[63244],[210],[11],[81],[20],[6],[Chou-Angle-110],
[110-57],[145450],[440],[13],[256],[37],[9],[Chou-Angle-110],
[110-58],[635364],[1279],[35],[676],[59],[9],[Chou-Angle-110],
[110-59],[3939],[53],[4],[57],[3],[3],[Chou-Angle-110],
[110-6],[15631],[60],[3],[64],[10],[5],[Chou-Angle-110],
[110-60],[642107],[872],[24],[280],[40],[13],[Chou-Angle-110],
[110-61],[22528],[93],[13],[158],[16],[6],[Chou-Angle-110],
[110-62],[553659],[1082],[28],[460],[39],[7],[Chou-Angle-110],
[110-63],[500980],[1048],[23],[455],[30],[8],[Chou-Angle-110],
[110-64],[40669],[151],[18],[260],[24],[6],[Chou-Angle-110],
[110-65],[135402],[421],[15],[191],[26],[7],[Chou-Angle-110],
[110-66],[267003],[667],[26],[424],[25],[8],[Chou-Angle-110],
[110-67],[1047596],[1247],[30],[549],[36],[11],[Chou-Angle-110],
[110-68],[32339],[84],[14],[191],[18],[6],[Chou-Angle-110],
[110-69],[390142],[969],[21],[234],[35],[8],[Chou-Angle-110],
[110-7],[222148],[571],[16],[339],[28],[9],[Chou-Angle-110],
[110-70],[47020],[131],[18],[235],[23],[6],[Chou-Angle-110],
[110-71],[84272],[141],[9],[116],[25],[8],[Chou-Angle-110],
[110-72],[94825],[195],[8],[166],[33],[11],[Chou-Angle-110],
[110-73],[140740],[494],[14],[267],[20],[8],[Chou-Angle-110],
[110-74],[134782],[318],[11],[230],[23],[10],[Chou-Angle-110],
[110-75],[27211],[93],[13],[158],[25],[6],[Chou-Angle-110],
[110-76],[106181],[438],[10],[140],[36],[8],[Chou-Angle-110],
[110-77],[30875],[96],[13],[181],[19],[6],[Chou-Angle-110],
[110-78],[439699],[671],[20],[359],[29],[10],[Chou-Angle-110],
[110-79],[9891],[24],[7],[66],[15],[6],[Chou-Angle-110],
[110-8],[232928],[497],[15],[297],[27],[8],[Chou-Angle-110],
[110-80],[94971],[101],[11],[174],[15],[5],[Chou-Angle-110],
[110-81],[644502],[1088],[30],[474],[30],[7],[Chou-Angle-110],
[110-82],[1497318],[1011],[26],[292],[39],[15],[Chou-Angle-110],
[110-83],[105950],[294],[14],[249],[23],[8],[Chou-Angle-110],
[110-84],[289647],[835],[27],[331],[30],[7],[Chou-Angle-110],
[110-85],[25722],[42],[11],[95],[15],[6],[Chou-Angle-110],
[110-86],[271045],[653],[18],[155],[17],[9],[Chou-Angle-110],
[110-87],[132269],[627],[20],[138],[41],[8],[Chou-Angle-110],
[110-88],[219586],[406],[18],[331],[32],[8],[Chou-Angle-110],
[110-89],[65938],[54],[20],[147],[32],[6],[Chou-Angle-110],
[110-9],[654148],[1687],[29],[793],[32],[7],[Chou-Angle-110],
[110-90],[1335195],[2881],[23],[586],[30],[8],[Chou-Angle-110],
[110-91],[570823],[904],[19],[411],[33],[10],[Chou-Angle-110],
[110-92],[457893],[722],[17],[343],[27],[10],[Chou-Angle-110],
[110-93],[441444],[1187],[24],[455],[24],[8],[Chou-Angle-110],
[110-94],[712675],[1462],[28],[843],[38],[10],[Chou-Angle-110],
[110-95],[387263],[721],[27],[486],[39],[8],[Chou-Angle-110],
[110-96],[74955],[72],[7],[84],[13],[7],[Chou-Angle-110],
[110-97],[142672],[242],[14],[234],[16],[7],[Chou-Angle-110],
[110-98],[29198],[243],[6],[109],[10],[6],[Chou-Angle-110],
[110-99],[42446],[65],[4],[74],[14],[8],[Chou-Angle-110],
[MO-TG-225-10],[3424361],[2656],[37],[772],[90],[13],[MO-TG-225-25],
[MO-TG-225-11],[16178714],[5025],[69],[1871],[18],[11],[MO-TG-225-25],
[MO-TG-225-12],[20414522],[4633],[68],[1949],[],[],[MO-TG-225-25],
[MO-TG-225-14],[1516755],[514],[24],[367],[47],[13],[MO-TG-225-25],
[MO-TG-225-2],[133018590],[18747],[117],[3340],[237],[17],[MO-TG-225-25],
[MO-TG-225-21],[1468210],[736],[23],[449],[28],[9],[MO-TG-225-25],
[MO-TG-225-23],[2098745],[1400],[66],[1746],[103],[7],[MO-TG-225-25],
[MO-TG-225-24],[57840376],[29836],[137],[2169],[94],[9],[MO-TG-225-25],
[MO-TG-225-3],[986294],[1560],[36],[380],[40],[9],[MO-TG-225-25],
[MO-TG-225-4],[438855],[739],[31],[255],[31],[8],[MO-TG-225-25],
[MO-TG-225-5],[484984],[726],[14],[320],[56],[11],[MO-TG-225-25],
[MO-TG-225-6],[1249240],[1440],[20],[336],[19],[7],[MO-TG-225-25],
[MO-TG-225-7],[253577],[422],[14],[198],[24],[7],[MO-TG-225-25],
[MO-TG-225-8],[188519],[321],[17],[225],[34],[8],[MO-TG-225-25],
[MO-TG-225-9],[1386730],[709],[26],[483],[45],[12],[MO-TG-225-25],
[complete_000_2_PWW_B016x],[239136],[959],[23],[195],[37],[8],[JGEX-60],
[complete_001_6_GDD_FULL_01-20_01],[79232],[227],[16],[178],[17],[7],[JGEX-60],
[complete_001_6_GDD_FULL_01-20_02],[39535],[127],[17],[179],[16],[5],[JGEX-60],
[complete_001_6_GDD_FULL_01-20_16],[262102],[413],[17],[259],[12],[5],[JGEX-60],
[complete_001_6_GDD_FULL_01-20_19],[52084],[176],[21],[335],[31],[6],[JGEX-60],
[complete_001_6_GDD_FULL_61-80_66],[131272],[247],[16],[202],[20],[9],[JGEX-60],
[complete_001_6_GDD_FULL_61-80_67],[301439],[581],[26],[432],[31],[9],[JGEX-60],
[complete_001_6_GDD_FULL_61-80_69],[35608],[81],[16],[204],[27],[6],[JGEX-60],
[complete_001_6_GDD_FULL_61-80_74],[1011651],[1304],[29],[645],[52],[11],[JGEX-60],
[complete_002_6_GDD_FULL_01-20_04],[93212],[162],[22],[229],[16],[5],[JGEX-60],
[complete_002_6_GDD_FULL_41-60_49],[297447],[714],[25],[301],[41],[9],[JGEX-60],
[complete_002_6_GDD_FULL_41-60_52],[108105],[315],[15],[171],[49],[9],[JGEX-60],
[complete_002_6_GDD_FULL_41-60_54],[657028],[984],[34],[482],[20],[9],[JGEX-60],
[complete_002_6_GDD_FULL_41-60_56],[106285],[286],[11],[135],[27],[9],[JGEX-60],
[complete_002_6_GDD_FULL_41-60_59],[19119],[107],[14],[142],[28],[6],[JGEX-60],
[complete_003_6_GDD_FULL_21-40_22],[144463],[210],[24],[290],[20],[6],[JGEX-60],
[complete_003_6_GDD_FULL_21-40_24],[42866],[178],[21],[286],[31],[6],[JGEX-60],
[complete_003_6_GDD_FULL_21-40_32],[28197],[86],[12],[158],[23],[6],[JGEX-60],
[complete_003_6_GDD_FULL_21-40_37],[1174771],[2005],[29],[514],[28],[7],[JGEX-60],
[complete_003_6_GDD_FULL_more_E015-6],[254090],[982],[23],[199],[31],[7],[JGEX-60],
[complete_003_6_GDD_FULL_more_E022-12],[38402],[147],[10],[129],[17],[9],[JGEX-60],
[complete_003_6_GDD_FULL_more_E022-9],[32954],[89],[13],[146],[20],[6],[JGEX-60],
[complete_004_6_GDD_FULL_81-109_101],[141061],[253],[16],[208],[25],[8],[JGEX-60],
[complete_004_6_GDD_FULL_81-109_88],[1822258],[1915],[28],[591],[56],[11],[JGEX-60],
[complete_004_6_GDD_FULL_81-109_90],[121375],[345],[25],[500],[26],[6],[JGEX-60],
[complete_004_6_GDD_FULL_81-109_94],[2199708],[2075],[39],[1021],[51],[10],[JGEX-60],
[complete_004_6_GDD_FULL_81-109_95],[71594],[210],[21],[275],[30],[6],[JGEX-60],
[complete_004_6_GDD_FULL_81-109_96],[76403],[73],[7],[84],[14],[8],[JGEX-60],
[complete_005_Other_ndg1_53],[126938],[371],[11],[176],[23],[8],[JGEX-60],
[complete_005_Other_other_E075-25-sss],[124115],[474],[23],[133],[36],[7],[JGEX-60],
[complete_006_Other_ndgTest_70],[48400],[130],[18],[235],[25],[6],[JGEX-60],
[complete_007_7_Book_LLL_L017-11],[3222],[5],[2],[30],[6],[4],[JGEX-60],
[complete_007_7_Book_LLL_L057-1-1],[109862],[262],[18],[168],[16],[7],[JGEX-60],
[complete_007_7_Book_LLL_L057-3-2],[151235],[147],[17],[119],[29],[9],[JGEX-60],
[complete_007_7_Book_LLL_L194-2],[35725],[110],[6],[93],[14],[5],[JGEX-60],
[complete_008_ex-gao_ex160_e201f],[158996],[360],[15],[269],[14],[6],[JGEX-60],
[complete_012_7_Book_00EE_02_E028-2],[400676],[1026],[17],[214],[30],[7],[JGEX-60],
[complete_012_7_Book_00EE_05_E051-19],[128929],[396],[12],[155],[29],[7],[JGEX-60],
[complete_012_7_Book_00EE_05_E051-22],[747587],[1397],[25],[254],[52],[9],[JGEX-60],
[complete_013_7_Book_00EE_07_E059-54-1],[454486],[1205],[28],[237],[44],[7],[JGEX-60],
[complete_013_7_Book_00EE_10_E072-13],[51639],[111],[6],[116],[14],[8],[JGEX-60],
[complete_013_7_Book_00EE_10_E074-23],[29151],[80],[12],[125],[21],[6],[JGEX-60],
[complete_013_7_Book_00EE_11_E077-37],[25386],[39],[9],[70],[16],[6],[JGEX-60],
[complete_014_7_Book_00EE_09_E071-1],[12570],[74],[8],[123],[15],[6],[JGEX-60],
[complete_014_7_Book_00EE_09_E071-2],[56228],[183],[12],[132],[22],[8],[JGEX-60],
[complete_014_7_Book_00EE_09_E071-4],[31003],[69],[11],[96],[6],[4],[JGEX-60],
[complete_016_7_Book_00EE_06_E051-24],[338627],[966],[25],[258],[34],[7],[JGEX-60],
[complete_016_7_Book_00EE_06_E051-30],[150879],[236],[16],[224],[16],[7],[JGEX-60],
[complete_016_7_Book_00EE_06_E051-32],[310869],[1015],[19],[260],[18],[7],[JGEX-60],
[complete_016_ex-gao_gao_M_M020-52],[129037],[581],[13],[181],[17],[6],[JGEX-60],
[complete_016_ex-gao_gao_M_M021-64],[661781],[4287],[27],[160],[36],[7],[JGEX-60],
[complete_016_ex-gao_gao_M_M024-94],[88673],[251],[13],[140],[27],[7],[JGEX-60],
[complete_016_ex-gao_gao_M_M09-14],[116710],[469],[18],[176],[15],[8],[JGEX-60],
[complete_017_ex-gao_ex160_4_e10],[276877],[806],[20],[171],[27],[7],[JGEX-60],
[complete_017_ex-gao_gao_L_L022-1],[74520],[216],[9],[97],[17],[9],[JGEX-60],
[imo-2000-1],[5330119],[4176],[54],[1170],[51],[12],[IMO-AG-30],
[imo-2000-6],[43256140],[7539],[79],[1770],[37],[11],[IMO-AG-30],
[imo-2002-2a],[4401528],[2964],[38],[595],[46],[11],[IMO-AG-30],
[imo-2002-2b],[426213],[846],[31],[449],[31],[9],[IMO-AG-30],
[imo-2003-4],[9165030],[5190],[63],[1612],[94],[12],[IMO-AG-30],
[imo-2004-1],[3885111],[1707],[42],[810],[45],[10],[IMO-AG-30],
[imo-2004-5],[318527],[367],[15],[259],[30],[11],[IMO-AG-30],
[imo-2005-5],[2032316],[1441],[29],[679],[48],[17],[IMO-AG-30],
[imo-2007-4],[1630636],[1704],[38],[632],[76],[9],[IMO-AG-30],
[imo-2008-1],[8727132],[1903],[61],[905],[50],[12],[IMO-AG-30],
[imo-2009-2],[186771],[414],[25],[378],[30],[8],[IMO-AG-30],
[imo-2010-2],[7949803],[2521],[51],[1002],[98],[18],[IMO-AG-30],
[imo-2010-4],[2050488],[2064],[36],[761],[70],[11],[IMO-AG-30],
[imo-2011-6],[193499781],[12577],[141],[4239],[157],[20],[IMO-AG-30],
[imo-2012-1],[5727970],[5042],[46],[806],[144],[13],[IMO-AG-30],
[imo-2012-5],[8826700],[3450],[66],[1716],[161],[14],[IMO-AG-30],
[imo-2013-4],[3740415],[2083],[40],[919],[89],[13],[IMO-AG-30],
[imo-2014-4],[1304852],[1192],[32],[605],[20],[11],[IMO-AG-30],
[imo-2015-3],[135630400],[19640],[135],[3831],[233],[17],[IMO-AG-30],
[imo-2015-4],[30498235],[5877],[68],[2086],[75],[10],[IMO-AG-30],
[imo-2016-1],[26253177],[10268],[61],[755],[76],[20],[IMO-AG-30],
[imo-2017-4],[2694197],[2319],[42],[981],[84],[12],[IMO-AG-30],
[imo-2018-1],[11850139],[5334],[64],[1729],[119],[11],[IMO-AG-30],
[imo-2019-2],[1430222],[1196],[38],[950],[62],[10],[IMO-AG-30],
[imo-2020-1],[263294],[326],[15],[323],[12],[10],[IMO-AG-30],
[imo-2022-4],[773130],[428],[17],[443],[41],[14],[IMO-AG-30]